Baldwin Effect Experiment Results
--------------------------------
Generation | Mismatches | Correct Positions | Bits Learned
         0 |       3.26 |              3.30 |        9.98
         1 |       1.55 |              3.97 |       11.05
         2 |       0.47 |              4.60 |       11.65
         3 |       0.09 |              4.93 |       11.59
         4 |       0.10 |              5.07 |       11.43
         5 |       0.11 |              5.06 |       11.41
         6 |       0.08 |              5.19 |       11.32
         7 |       0.08 |              5.29 |       11.13
         8 |       0.07 |              5.35 |       11.09
         9 |       0.10 |              5.48 |       10.84
        10 |       0.07 |              5.49 |       10.83
        11 |       0.12 |              5.57 |       10.66
        12 |       0.09 |              5.69 |       10.50
        13 |       0.10 |              5.52 |       10.57
        14 |       0.09 |              5.44 |       10.55
        15 |       0.11 |              5.47 |       10.48
        16 |       0.11 |              5.46 |       10.53
        17 |       0.10 |              5.52 |       10.36
        18 |       0.12 |              5.48 |       10.30
        19 |       0.10 |              5.57 |       10.35
        20 |       0.06 |              5.62 |       10.32
        21 |       0.08 |              5.66 |       10.19
        22 |       0.11 |              5.72 |       10.02
        23 |       0.07 |              5.81 |       10.01
        24 |       0.12 |              5.70 |        9.99
        25 |       0.08 |              5.67 |        9.94
        26 |       0.08 |              5.79 |        9.78
        27 |       0.06 |              5.73 |        9.88
        28 |       0.08 |              5.71 |        9.87
        29 |       0.08 |              5.73 |        9.95
        30 |       0.08 |              5.76 |        9.93
        31 |       0.12 |              5.64 |        9.97
        32 |       0.08 |              5.76 |        9.87
        33 |       0.08 |              5.76 |        9.94
        34 |       0.10 |              5.84 |        9.99
        35 |       0.08 |              5.90 |        9.86
        36 |       0.09 |              5.78 |       10.00
        37 |       0.09 |              5.73 |       10.14
        38 |       0.08 |              5.67 |       10.18
        39 |       0.09 |              5.73 |        9.96
        40 |       0.08 |              5.72 |       10.02
        41 |       0.10 |              5.76 |        9.92
        42 |       0.08 |              5.83 |        9.85
        43 |       0.07 |              5.83 |       10.00
        44 |       0.11 |              5.81 |        9.88
        45 |       0.08 |              5.77 |        9.93
        46 |       0.06 |              5.68 |       10.08
        47 |       0.07 |              5.80 |        9.99
        48 |       0.09 |              5.72 |       10.08
        49 |       0.07 |              5.60 |       10.21

Analysis:
Initial mismatches: 3.26
Final mismatches: 0.07
Change in mismatches: 3.19

Initial correct positions: 3.30
Final correct positions: 5.60
Change in correct positions: 2.30

Baldwin Effect was observed: Learning helped evolution find better solutions.
